identifiant
0 0 0 0 0 0 0 0 0 0 0 0 0 0 0 3 8 24 48 102 130 241 297 452 1036 1285 490 313 233 159 104 59 25 6 2 0 0 0 0 0 0 0 0 0 0 0 0 0 0 0 
0 0 0 0 0 0 0 0 0 0 0 0 0 0 0 0 2 25 59 92 162 222 309 427 1013 1301 511 323 212 161 102 65 25 5 1 0 0 0 0 0 0 0 0 0 0 0 0 0 0 0 
0 0 0 0 0 0 0 0 0 0 0 0 0 0 1 0 3 24 56 87 145 236 322 448 957 1332 517 330 210 141 119 68 14 7 0 0 0 0 0 0 0 0 0 0 0 0 0 0 0 0 
0 0 0 0 0 0 0 0 0 0 0 0 0 0 0 0 5 22 58 100 143 241 325 444 972 1296 502 335 219 161 99 68 20 5 2 0 0 0 0 0 0 0 0 0 0 0 0 0 0 0 
0 0 0 0 0 0 0 0 0 0 0 0 0 0 1 5 5 22 45 100 132 247 305 452 971 1345 498 307 230 163 101 60 20 7 1 0 0 0 0 0 0 0 0 0 0 0 0 0 0 0 
0 0 0 0 0 0 0 0 0 0 0 0 0 0 1 1 6 29 51 100 138 253 314 430 951 1327 509 326 236 163 102 55 19 5 1 0 0 0 0 0 0 0 0 0 0 0 0 0 0 0 
0 0 0 0 0 0 0 0 0 0 0 0 0 0 1 0 5 20 59 103 153 233 284 456 931 1349 534 324 220 151 107 58 22 5 2 0 0 0 0 0 0 0 0 0 0 0 0 0 0 0 
0 0 0 0 0 0 0 0 0 0 0 0 0 0 1 1 5 20 62 109 157 217 321 466 922 1337 509 316 234 158 109 48 22 2 0 0 1 0 0 0 0 0 0 0 0 0 0 0 0 0 
0 0 0 0 0 0 0 0 0 0 0 0 0 0 1 1 2 25 71 85 166 211 314 453 965 1297 535 334 213 155 108 55 19 4 2 1 0 0 0 0 0 0 0 0 0 0 0 0 0 0 
0 0 0 0 0 0 0 0 0 0 0 0 0 0 3 1 4 30 58 100 138 236 314 423 945 1362 499 346 226 144 113 51 18 4 1 1 0 0 0 0 0 0 0 0 0 0 0 0 0 0 
0 0 0 0 0 0 0 0 0 0 0 0 0 0 1 3 4 30 47 113 166 197 322 454 950 1329 511 314 219 159 107 60 23 6 2 0 0 0 0 0 0 0 0 0 0 0 0 0 0 0 
0 0 0 0 0 0 0 0 0 0 0 0 0 1 0 1 7 28 46 111 158 201 297 480 1004 1292 474 325 256 139 103 67 20 6 1 0 0 0 0 0 0 0 0 0 0 0 0 0 0 0 
0 0 0 0 0 0 0 0 0 0 0 0 1 0 0 1 5 36 54 101 157 203 319 465 972 1316 490 319 251 132 106 55 24 7 3 0 0 0 0 0 0 0 0 0 0 0 0 0 0 0 
0 0 0 0 0 0 0 0 0 0 0 0 0 1 0 0 2 29 58 103 165 207 304 443 986 1328 491 352 212 144 111 51 25 5 0 0 0 0 0 0 0 0 0 0 0 0 0 0 0 0 
0 0 0 0 0 0 0 0 0 0 0 0 0 1 0 1 11 27 55 104 150 226 298 447 975 1365 487 303 230 154 100 53 25 4 1 0 0 0 0 0 0 0 0 0 0 0 0 0 0 0 
0 0 0 0 0 0 0 0 0 0 0 0 0 0 1 4 4 25 62 94 148 222 326 428 976 1372 450 340 224 159 96 53 24 8 0 1 0 0 0 0 0 0 0 0 0 0 0 0 0 0 
0 0 0 0 0 0 0 0 0 0 0 0 0 0 0 3 2 31 56 99 149 216 331 434 1001 1336 480 314 241 139 98 49 29 7 1 1 0 0 0 0 0 0 0 0 0 0 0 0 0 0 
0 0 0 0 0 0 0 0 0 0 0 0 0 0 1 0 6 24 51 97 150 215 355 443 983 1340 466 311 230 154 92 60 31 7 1 0 0 0 0 0 0 0 0 0 0 0 0 0 0 0 
0 0 0 0 0 0 0 0 0 0 0 0 0 0 0 2 4 19 57 90 146 229 331 454 963 1336 516 318 210 148 87 72 26 8 1 0 0 0 0 0 0 0 0 0 0 0 0 0 0 0 
0 0 0 0 0 0 0 0 0 0 0 0 0 0 0 0 5 18 59 98 138 228 338 431 992 1358 483 322 203 152 100 66 17 6 3 0 0 0 0 0 0 0 0 0 0 0 0 0 0 0 
0 0 0 0 0 0 0 0 0 0 0 0 0 0 1 1 5 22 47 96 137 229 338 448 976 1346 500 329 200 148 105 61 21 7 0 0 0 0 0 0 0 0 0 0 0 0 0 0 0 0 
0 0 0 0 0 0 0 0 0 0 0 0 0 0 0 1 3 17 53 89 139 237 351 454 1003 1330 479 318 211 144 102 60 13 10 3 0 0 0 0 0 0 0 0 0 0 0 0 0 0 0 
0 0 0 0 0 0 0 0 0 0 0 0 0 0 0 0 4 14 51 94 136 241 325 449 1008 1355 469 339 193 152 103 51 21 11 1 0 0 0 0 0 0 0 0 0 0 0 0 0 0 0 
0 0 0 0 0 0 0 0 0 0 0 0 0 0 0 2 4 13 49 92 148 211 325 472 1011 1338 507 303 205 147 100 53 26 8 3 0 0 0 0 0 0 0 0 0 0 0 0 0 0 0 
0 0 0 0 0 0 0 0 0 0 0 0 0 0 0 0 8 19 44 99 146 225 318 437 984 1377 494 304 210 164 91 65 25 5 1 1 0 0 0 0 0 0 0 0 0 0 0 0 0 0 
0 0 0 0 0 0 0 0 0 0 0 0 0 0 0 1 3 26 46 90 152 221 344 443 972 1358 525 276 216 154 99 59 23 8 1 0 0 0 0 0 0 0 0 0 0 0 0 0 0 0 
0 0 0 0 0 0 0 0 0 0 0 0 0 0 0 0 2 16 47 94 154 231 350 438 942 1380 496 307 207 161 103 58 18 11 1 1 0 0 0 0 0 0 0 0 0 0 0 0 0 0 
0 0 0 0 0 0 0 0 0 0 0 0 0 0 0 2 5 15 51 96 140 243 323 447 960 1373 476 314 230 150 102 56 26 6 2 0 0 0 0 0 0 0 0 0 0 0 0 0 0 0 
0 0 0 0 0 0 0 0 0 0 0 0 0 0 0 0 10 15 52 94 159 222 331 453 950 1345 524 303 208 152 110 62 19 8 0 0 0 0 0 0 0 0 0 0 0 0 0 0 0 0 
0 0 0 0 0 0 0 0 0 0 0 0 0 0 0 2 6 14 50 90 158 201 326 444 977 1364 490 315 247 148 91 56 32 6 0 0 0 0 0 0 0 0 0 0 0 0 0 0 0 0 
0 0 0 0 0 0 0 0 0 0 0 0 0 0 0 1 6 15 57 100 156 195 306 452 998 1365 468 314 238 144 116 52 24 8 2 0 0 0 0 0 0 0 0 0 0 0 0 0 0 0 
0 0 0 0 0 0 0 0 0 0 0 0 0 0 0 0 5 23 50 93 157 217 298 468 986 1317 498 327 235 162 92 54 27 8 0 0 0 0 0 0 0 0 0 0 0 0 0 0 0 0 
0 0 0 0 0 0 0 0 0 0 0 0 0 0 0 2 7 20 47 103 149 213 312 411 987 1387 458 332 231 162 104 66 20 5 1 0 0 0 0 0 0 0 0 0 0 0 0 0 0 0 
0 0 0 0 0 0 0 0 0 0 0 0 0 0 0 2 10 18 40 88 154 222 306 458 954 1397 431 340 249 155 100 66 22 5 0 0 0 0 0 0 0 0 0 0 0 0 0 0 0 0 
0 0 0 0 0 0 0 0 0 0 0 0 0 0 0 2 5 20 53 91 162 216 293 456 970 1348 479 344 201 169 119 59 22 8 0 0 0 0 0 0 0 0 0 0 0 0 0 0 0 0 
0 0 0 0 0 0 0 0 0 0 0 0 0 0 1 0 7 17 54 101 151 198 330 451 968 1329 476 337 232 155 122 60 22 6 0 0 0 0 0 0 0 0 0 0 0 0 0 0 0 0 
0 0 0 0 0 0 0 0 0 0 0 0 0 0 1 1 6 15 58 101 136 211 318 442 1002 1295 510 324 221 160 125 61 20 8 2 0 0 0 0 0 0 0 0 0 0 0 0 0 0 0 
0 0 0 0 0 0 0 0 0 0 0 0 0 0 1 0 1 14 55 75 159 226 337 464 993 1316 463 294 217 178 147 56 15 4 2 0 0 0 0 0 0 0 0 0 0 0 0 0 0 0 
0 0 0 0 0 0 0 0 0 0 0 0 0 0 0 0 5 19 45 96 155 228 326 461 1012 1290 462 317 206 184 122 65 16 7 1 0 0 0 0 0 0 0 0 0 0 0 0 0 0 0 
0 0 0 0 0 0 0 0 0 0 0 0 0 0 1 1 1 17 49 111 150 217 317 441 1014 1299 456 312 240 181 117 59 27 6 1 0 0 0 0 0 0 0 0 0 0 0 0 0 0 0 
0 0 0 0 0 0 0 0 0 0 0 0 0 0 0 1 5 19 49 104 161 237 315 409 1017 1312 486 294 233 159 122 58 24 8 4 0 0 0 0 0 0 0 0 0 0 0 0 0 0 0 
0 0 0 0 0 0 0 0 0 0 0 0 0 0 0 1 7 16 50 97 187 228 298 442 990 1294 482 319 229 162 126 53 26 9 0 1 0 0 0 0 0 0 0 0 0 0 0 0 0 0 
0 0 0 0 0 0 0 0 0 0 0 0 0 0 1 0 1 22 51 104 179 231 319 421 971 1328 502 312 213 148 127 53 26 6 2 0 0 0 0 0 0 0 0 0 0 0 0 0 0 0 
0 0 0 0 0 0 0 0 0 0 0 0 0 0 0 0 6 20 54 115 177 193 327 446 989 1322 472 318 216 156 101 67 26 9 2 0 1 0 0 0 0 0 0 0 0 0 0 0 0 0 
0 0 0 0 0 0 0 0 0 0 0 0 0 0 1 0 6 22 51 113 149 226 326 451 1007 1321 451 335 209 154 101 52 31 11 0 0 0 0 0 0 0 0 0 0 0 0 0 0 0 0 
0 0 0 0 0 0 0 0 0 0 0 0 0 1 1 1 6 22 51 107 141 236 315 472 994 1300 473 346 211 151 102 54 24 5 3 0 1 0 0 0 0 0 0 0 0 0 0 0 0 0 
0 0 0 0 0 0 0 0 0 0 0 0 0 0 0 2 5 22 54 97 146 223 315 450 1030 1321 480 327 196 160 105 44 32 6 0 1 1 0 0 0 0 0 0 0 0 0 0 0 0 0 
0 0 0 0 0 0 0 0 0 0 0 0 0 0 1 0 8 22 58 103 129 211 319 462 1026 1343 469 325 195 153 95 66 24 5 2 0 0 1 0 0 0 0 0 0 0 0 0 0 0 0 
0 0 0 0 0 0 0 0 0 0 0 0 1 0 0 2 2 31 58 89 142 198 344 440 1074 1305 481 317 201 134 101 65 22 6 4 0 0 0 0 0 0 0 0 0 0 0 0 0 0 0 
0 0 0 0 0 0 0 0 0 0 0 0 0 1 0 2 8 27 52 95 137 216 310 483 1003 1344 504 300 209 137 100 65 14 6 3 1 0 0 0 0 0 0 0 0 0 0 0 0 0 0 
0 0 0 0 0 0 0 0 0 0 0 0 0 0 0 0 3 20 66 97 135 235 311 462 1016 1331 476 299 238 143 99 57 17 10 2 0 0 0 0 0 0 0 0 0 0 0 0 0 0 0 
0 0 0 0 0 0 0 0 0 0 0 0 0 0 1 3 3 29 56 91 139 210 340 456 1006 1317 507 328 192 149 106 51 24 6 2 1 0 0 0 0 0 0 0 0 0 0 0 0 0 0 
0 0 0 0 0 0 0 0 0 0 0 0 0 0 0 0 8 23 53 94 153 211 310 483 1002 1350 458 328 221 131 103 57 27 2 2 1 0 0 0 0 0 0 0 0 0 0 0 0 0 0 
0 0 0 0 0 0 0 0 0 0 0 0 0 0 0 1 7 20 45 104 153 219 319 443 994 1354 471 333 226 142 93 57 29 5 1 1 0 0 0 0 0 0 0 0 0 0 0 0 0 0 
0 0 0 0 0 0 0 0 0 0 0 0 0 0 0 1 7 17 57 102 142 201 315 453 1009 1302 501 347 217 158 90 60 31 5 1 0 1 0 0 0 0 0 0 0 0 0 0 0 0 0 
0 0 0 0 0 0 0 0 0 0 0 0 0 0 0 1 5 19 57 102 155 191 323 476 970 1313 509 333 223 145 103 53 28 8 3 0 0 0 0 0 0 0 0 0 0 0 0 0 0 0 
0 0 0 0 0 0 0 0 0 0 0 0 0 0 0 3 5 18 52 90 156 202 303 476 997 1302 487 364 215 154 103 61 18 7 4 0 0 0 0 0 0 0 0 0 0 0 0 0 0 0 
0 0 0 0 0 0 0 0 0 0 0 0 0 0 0 2 6 19 52 88 147 237 287 474 964 1326 492 335 224 160 115 60 16 10 3 0 0 0 0 0 0 0 0 0 0 0 0 0 0 0 
0 0 0 0 0 0 0 0 0 0 0 0 0 0 0 1 5 23 51 106 144 208 306 480 964 1333 444 359 215 179 109 57 21 8 2 1 1 0 0 0 0 0 0 0 0 0 0 0 0 0 
0 0 0 0 0 0 0 0 0 0 0 0 0 0 0 1 4 21 58 92 148 206 312 445 1016 1300 471 347 222 159 127 58 23 4 2 1 0 0 0 0 0 0 0 0 0 0 0 0 0 0 
0 0 0 0 0 0 0 0 0 0 0 0 0 0 0 0 5 18 55 91 150 214 323 455 969 1302 461 377 218 170 122 57 19 9 2 0 0 0 0 0 0 0 0 0 0 0 0 0 0 0 
0 0 0 0 0 0 0 0 0 0 0 0 0 0 0 1 5 20 54 91 146 201 318 450 984 1304 476 357 238 157 113 72 20 10 0 0 0 0 0 0 0 0 0 0 0 0 0 0 0 0 
0 0 0 0 0 0 0 0 0 0 0 0 0 0 0 0 2 23 58 92 146 205 303 460 988 1281 503 335 256 145 119 62 24 14 1 0 0 0 0 0 0 0 0 0 0 0 0 0 0 0 
0 0 0 0 0 0 0 0 0 0 0 0 0 0 0 2 6 14 59 95 154 201 308 451 954 1346 474 345 244 158 114 59 22 9 2 0 0 0 0 0 0 0 0 0 0 0 0 0 0 0 
0 0 0 0 0 0 0 0 0 0 0 0 0 1 0 1 5 20 52 109 136 214 304 464 950 1327 487 350 226 158 118 58 25 10 2 0 0 0 0 0 0 0 0 0 0 0 0 0 0 0 
0 0 0 0 0 0 0 0 0 0 0 0 0 0 0 3 4 19 53 90 153 214 288 420 1006 1324 518 334 225 169 90 72 30 4 1 0 0 0 0 0 0 0 0 0 0 0 0 0 0 0 
0 0 0 0 0 0 0 0 0 0 0 0 0 0 1 2 3 21 53 81 153 223 294 421 989 1345 485 350 228 171 108 52 28 8 1 0 0 0 0 0 0 0 0 0 0 0 0 0 0 0 
0 0 0 0 0 0 0 0 0 0 0 0 0 0 0 2 7 16 62 98 147 220 277 457 978 1337 520 313 213 178 105 49 29 8 1 0 0 0 0 0 0 0 0 0 0 0 0 0 0 0 
0 0 0 0 0 0 0 0 0 0 0 0 1 0 1 0 5 18 57 84 150 222 304 413 994 1301 521 347 224 179 114 48 25 9 0 0 0 0 0 0 0 0 0 0 0 0 0 0 0 0 
0 0 0 0 0 0 0 0 0 0 0 0 0 0 1 3 4 20 63 80 163 222 325 379 994 1350 485 335 233 175 100 44 32 5 3 1 0 0 0 0 0 0 0 0 0 0 0 0 0 0 
0 0 0 0 0 0 0 0 0 0 0 0 0 1 0 2 7 21 51 89 139 237 283 446 993 1328 499 320 235 178 111 41 29 5 0 1 1 0 0 0 0 0 0 0 0 0 0 0 0 0 
0 0 0 0 0 0 0 0 0 0 0 0 0 1 0 2 4 15 47 107 170 212 310 376 981 1372 518 329 228 169 91 55 23 5 1 0 0 1 0 0 0 0 0 0 0 0 0 0 0 0 
0 0 0 0 0 0 0 0 0 0 0 0 0 0 1 0 4 12 60 113 148 218 289 410 1013 1340 477 334 233 181 92 66 19 4 1 2 0 0 0 0 0 0 0 0 0 0 0 0 0 0 
0 0 0 0 0 0 0 0 0 0 0 0 0 0 1 3 4 19 51 103 137 216 309 454 979 1317 511 329 219 158 128 48 21 7 2 1 0 0 0 0 0 0 0 0 0 0 0 0 0 0 
0 0 0 0 0 0 0 0 0 0 0 0 0 0 1 1 3 17 52 105 156 204 295 434 977 1366 498 316 244 154 103 60 21 8 2 0 0 0 0 0 0 0 0 0 0 0 0 0 0 0 
0 0 0 0 0 0 0 0 0 0 0 0 0 0 0 1 4 22 59 87 156 201 302 461 986 1347 472 330 240 156 108 53 25 4 3 0 0 0 0 0 0 0 0 0 0 0 0 0 0 0 
0 0 0 0 0 0 0 0 0 0 0 0 0 0 0 1 6 20 49 105 156 198 320 480 1028 1286 439 350 245 134 98 74 19 7 2 0 0 0 0 0 0 0 0 0 0 0 0 0 0 0 
0 0 0 0 0 0 0 0 0 0 0 0 0 0 0 3 2 19 46 94 152 210 313 466 1015 1302 478 328 252 144 103 59 17 10 3 1 0 0 0 0 0 0 0 0 0 0 0 0 0 0 
0 0 0 0 0 0 0 0 0 0 0 0 0 0 1 2 5 18 42 103 143 215 314 464 994 1304 476 357 223 153 110 61 21 10 1 0 0 0 0 0 0 0 0 0 0 0 0 0 0 0 
0 0 0 0 0 0 0 0 0 0 0 0 0 0 0 2 7 25 46 95 138 239 327 429 1008 1339 492 307 222 159 90 59 21 10 1 1 0 0 0 0 0 0 0 0 0 0 0 0 0 0 
0 0 0 0 0 0 0 0 0 0 0 0 0 0 0 0 7 21 46 109 140 221 310 451 990 1355 470 331 208 151 118 54 26 6 3 0 0 0 0 0 0 0 0 0 0 0 0 0 0 0 
0 0 0 0 0 0 0 0 0 0 0 0 0 0 1 0 4 22 55 99 150 223 310 442 977 1360 473 355 202 139 115 54 28 4 3 1 0 0 0 0 0 0 0 0 0 0 0 0 0 0 
0 0 0 0 0 0 0 0 0 0 0 0 0 0 0 0 6 24 51 109 150 212 313 462 1008 1313 474 330 211 150 111 65 18 5 3 2 0 0 0 0 0 0 0 0 0 0 0 0 0 0 
0 0 0 0 0 0 0 0 0 0 0 0 0 0 1 0 4 25 61 91 162 218 319 444 948 1357 512 309 210 158 103 58 21 11 4 0 1 0 0 0 0 0 0 0 0 0 0 0 0 0 
0 0 0 0 0 0 0 0 0 0 0 0 0 0 1 2 6 23 60 104 144 244 296 447 991 1315 491 334 206 155 91 70 25 9 2 1 0 0 0 0 0 0 0 0 0 0 0 0 0 0 
0 0 0 0 0 0 0 0 0 0 0 0 0 0 0 1 7 20 51 104 168 222 306 432 988 1336 488 324 223 155 93 58 28 10 1 2 0 0 0 0 0 0 0 0 0 0 0 0 0 0 
0 0 0 0 0 0 0 0 0 0 0 0 0 0 0 2 6 25 53 102 156 247 306 413 1035 1302 510 305 206 155 93 64 25 9 3 0 0 0 0 0 0 0 0 0 0 0 0 0 0 0 
0 0 0 0 0 0 0 0 0 0 0 0 0 0 0 1 5 27 51 106 148 244 299 457 980 1332 491 316 217 148 102 58 21 13 1 0 0 0 0 0 0 0 0 0 0 0 0 0 0 0 
0 0 0 0 0 0 0 0 0 0 0 0 0 0 0 2 5 24 64 108 169 227 316 450 982 1299 509 315 192 159 103 62 22 9 0 0 0 0 0 0 0 0 0 0 0 0 0 0 0 0 
0 0 0 0 0 0 0 0 0 0 0 0 0 0 0 2 1 25 60 116 166 234 326 431 978 1304 513 318 205 151 93 64 23 5 2 0 0 0 0 0 0 0 0 0 0 0 0 0 0 0 
0 0 0 0 0 0 0 0 0 0 0 0 0 0 1 1 7 31 55 104 173 226 347 426 1000 1301 473 328 207 148 102 61 19 5 2 0 0 0 0 0 0 0 0 0 0 0 0 0 0 0 
0 0 0 0 0 0 0 0 0 0 0 0 0 0 2 1 3 21 65 110 161 210 340 464 961 1313 509 308 221 140 106 54 22 2 4 0 0 0 0 0 0 0 0 0 0 0 0 0 0 0 
0 0 0 0 0 0 0 0 0 0 0 0 0 0 0 0 5 17 60 112 160 217 332 462 983 1311 472 327 226 147 103 62 14 7 0 0 0 0 0 0 0 0 0 0 0 0 0 0 0 0 
0 0 0 0 0 0 0 0 0 0 0 0 0 0 0 0 5 26 57 108 167 229 328 449 980 1292 519 306 197 175 90 57 26 6 0 0 0 0 0 0 0 0 0 0 0 0 0 0 0 0 
0 0 0 0 0 0 0 0 0 0 0 0 0 0 0 0 5 29 60 83 169 235 349 427 978 1299 496 329 217 163 87 53 27 10 1 0 0 0 0 0 0 0 0 0 0 0 0 0 0 0 
0 0 0 0 0 0 0 0 0 0 0 0 0 1 0 2 7 19 55 98 150 228 348 476 950 1354 463 293 227 153 97 62 26 6 2 0 0 0 0 0 0 0 0 0 0 0 0 0 0 0 
0 0 0 0 0 0 0 0 0 0 0 0 0 0 1 0 4 27 58 104 147 228 325 415 1016 1327 489 317 214 138 107 67 23 8 2 0 0 0 0 0 0 0 0 0 0 0 0 0 0 0 
0 0 0 0 0 0 0 0 0 0 0 0 0 0 0 1 9 21 53 95 145 244 321 439 1021 1302 496 313 201 158 104 61 25 7 0 1 0 0 0 0 0 0 0 0 0 0 0 0 0 0 
0 0 0 0 0 0 0 0 0 0 0 0 0 1 0 1 4 26 49 92 152 246 322 435 1013 1293 505 300 219 163 110 56 25 4 0 1 0 0 0 0 0 0 0 0 0 0 0 0 0 0 
0 0 0 0 0 0 0 0 0 0 0 0 0 0 1 2 5 27 52 94 142 212 306 469 1024 1321 464 292 238 154 130 59 18 5 1 0 1 0 0 0 0 0 0 0 0 0 0 0 0 0 
0 0 0 0 0 0 0 0 0 0 0 0 0 0 1 0 5 20 47 96 147 219 317 444 1016 1321 482 314 211 169 116 65 20 6 0 0 1 0 0 0 0 0 0 0 0 0 0 0 0 0 
0 0 0 0 0 0 0 0 0 0 0 0 0 0 0 0 3 23 57 77 144 220 327 481 979 1326 470 334 218 148 126 56 20 5 2 0 1 0 0 0 0 0 0 0 0 0 0 0 0 0 
0 0 0 0 0 0 0 0 0 0 0 0 0 0 0 2 10 18 41 93 147 203 335 470 982 1337 476 335 207 150 120 63 21 6 0 0 1 0 0 0 0 0 0 0 0 0 0 0 0 0 
0 0 0 0 0 0 0 0 0 0 0 0 0 0 0 2 2 22 47 105 129 225 327 439 1016 1326 478 329 224 140 118 61 16 10 0 1 0 0 0 0 0 0 0 0 0 0 0 0 0 0 
0 0 0 0 0 0 0 0 0 0 0 0 0 0 0 3 2 22 42 100 138 208 351 466 990 1299 485 340 208 164 103 71 14 9 1 1 0 0 0 0 0 0 0 0 0 0 0 0 0 0 
0 0 0 0 0 0 0 0 0 0 0 0 0 0 0 2 4 20 53 105 140 199 326 462 959 1358 448 326 249 171 112 55 19 6 2 1 0 0 0 0 0 0 0 0 0 0 0 0 0 0 
0 0 0 0 0 0 0 0 0 0 0 0 0 0 0 2 1 18 56 87 153 227 304 468 989 1334 473 309 236 163 103 67 18 7 1 1 0 0 0 0 0 0 0 0 0 0 0 0 0 0 
0 0 0 0 0 0 0 0 0 0 0 0 0 0 1 0 2 14 60 83 158 203 318 490 1003 1265 503 318 224 186 104 55 17 8 5 0 0 0 0 0 0 0 0 0 0 0 0 0 0 0 
0 0 0 0 0 0 0 0 0 0 0 0 0 0 1 1 5 21 38 89 178 216 319 478 965 1355 434 341 214 169 96 70 18 8 1 0 0 0 0 0 0 0 0 0 0 0 0 0 0 0 
0 0 0 0 0 0 0 0 0 0 0 0 0 0 1 1 3 20 49 93 148 233 326 444 975 1340 462 331 224 163 116 54 28 5 1 0 0 0 0 0 0 0 0 0 0 0 0 0 0 0 
0 0 0 0 0 0 0 0 0 0 0 0 0 0 0 1 5 18 46 110 154 229 310 470 987 1283 497 317 232 166 109 46 32 5 0 0 0 0 0 0 0 0 0 0 0 0 0 0 0 0 
0 0 0 0 0 0 0 0 0 0 0 0 0 0 0 1 10 14 42 105 149 239 303 461 977 1312 470 364 211 166 104 59 22 7 1 0 0 0 0 0 0 0 0 0 0 0 0 0 0 0 
0 0 0 0 0 0 0 0 0 0 0 0 0 0 0 0 6 17 56 99 170 203 299 450 984 1337 465 370 231 135 107 55 26 7 0 0 0 0 0 0 0 0 0 0 0 0 0 0 0 0 
0 0 0 0 0 0 0 0 0 0 0 0 0 0 0 3 6 17 45 115 140 217 293 478 1028 1284 489 328 226 144 114 56 23 9 2 0 0 0 0 0 0 0 0 0 0 0 0 0 0 0 
0 0 0 0 0 0 0 0 0 0 0 0 0 0 0 4 9 12 58 108 149 207 295 444 1018 1315 522 329 203 147 103 58 24 11 1 0 0 0 0 0 0 0 0 0 0 0 0 0 0 0 
0 0 0 0 0 0 0 0 0 0 0 0 0 0 0 4 3 23 46 119 132 204 312 484 1014 1287 512 352 180 153 110 50 21 8 3 0 0 0 0 0 0 0 0 0 0 0 0 0 0 0 
0 0 0 0 0 0 0 0 0 0 0 0 0 0 0 5 3 22 49 106 148 206 313 459 1033 1296 492 323 200 157 114 56 25 7 2 0 0 1 0 0 0 0 0 0 0 0 0 0 0 0 
0 0 0 0 0 0 0 0 0 0 0 0 0 0 0 2 1 33 48 88 151 208 321 483 1011 1279 482 336 227 151 108 57 20 10 1 0 0 0 0 0 0 0 0 0 0 0 0 0 0 0 
0 0 0 0 0 0 0 0 0 0 0 0 0 0 3 1 3 22 43 93 161 235 305 453 1004 1308 502 303 228 146 116 59 23 8 1 0 0 0 0 0 0 0 0 0 0 0 0 0 0 0 
0 0 0 0 0 0 0 0 0 0 0 0 0 0 0 2 5 19 56 90 161 225 309 440 1017 1311 459 364 222 146 99 66 19 5 2 0 0 0 0 0 0 0 0 0 0 0 0 0 0 0 
0 0 0 0 0 0 0 0 0 0 0 0 0 0 1 2 9 19 54 101 156 220 299 471 1030 1264 485 337 215 161 98 61 20 9 4 1 0 0 0 0 0 0 0 0 0 0 0 0 0 0 
0 0 0 0 0 0 0 0 0 0 0 0 0 0 0 1 8 27 51 99 150 225 310 432 1047 1294 469 323 234 160 105 48 22 9 2 1 0 0 0 0 0 0 0 0 0 0 0 0 0 0 
0 0 0 0 0 0 0 0 0 0 0 0 0 0 0 0 8 22 60 104 155 230 283 448 1014 1272 498 333 242 157 104 49 27 7 3 1 0 0 0 0 0 0 0 0 0 0 0 0 0 0 
0 0 0 0 0 0 0 0 0 0 0 0 0 0 0 2 4 24 65 92 153 221 322 422 989 1337 478 318 248 160 101 52 18 9 1 1 0 0 0 0 0 0 0 0 0 0 0 0 0 0 
0 0 0 0 0 0 0 0 0 0 0 0 0 0 0 2 6 24 62 95 148 223 302 438 1002 1320 483 294 258 164 102 57 31 3 3 0 0 0 0 0 0 0 0 0 0 0 0 0 0 0 
0 0 0 0 0 0 0 0 0 0 0 0 0 0 0 0 9 28 51 104 152 204 338 418 999 1330 472 326 228 156 101 64 32 3 2 0 0 0 0 0 0 0 0 0 0 0 0 0 0 0 
0 0 0 0 0 0 0 0 0 0 0 0 0 0 0 2 4 26 52 110 135 212 303 436 1009 1356 469 325 227 163 95 57 27 6 2 1 0 0 0 0 0 0 0 0 0 0 0 0 0 0 
0 0 0 0 0 0 0 0 0 0 0 0 0 0 1 2 10 22 52 111 143 204 284 472 977 1334 496 309 248 159 100 53 31 6 3 0 0 0 0 0 0 0 0 0 0 0 0 0 0 0 
0 0 0 0 0 0 0 0 0 0 0 0 0 0 0 0 7 20 56 95 136 221 321 461 992 1336 494 295 224 155 107 70 18 5 3 1 0 0 0 0 0 0 0 0 0 0 0 0 0 0 
0 0 0 0 0 0 0 0 0 0 0 0 0 0 1 0 3 16 60 91 143 212 284 448 1025 1338 496 303 225 169 117 56 18 8 2 2 0 0 0 0 0 0 0 0 0 0 0 0 0 0 
0 0 0 0 0 0 0 0 0 0 0 0 0 0 0 1 2 19 40 98 148 222 323 426 1023 1332 462 329 225 165 121 49 21 6 4 1 0 0 0 0 0 0 0 0 0 0 0 0 0 0 
0 0 0 0 0 0 0 0 0 0 0 0 0 0 0 1 4 16 54 91 156 238 283 438 986 1338 499 306 232 179 118 46 19 9 3 1 0 0 0 0 0 0 0 0 0 0 0 0 0 0 
0 0 0 0 0 0 0 0 0 0 0 0 0 0 0 1 1 18 49 98 147 229 297 450 1000 1329 487 335 232 151 96 63 24 8 1 1 0 0 0 0 0 0 0 0 0 0 0 0 0 0 
0 0 0 0 0 0 0 0 0 0 0 0 0 0 0 1 1 15 44 93 142 218 328 437 1033 1302 491 329 241 153 104 58 22 3 0 2 0 0 0 0 0 0 0 0 0 0 0 0 0 0 
0 0 0 0 0 0 0 0 0 0 0 0 0 0 1 1 4 14 37 95 143 218 329 433 991 1347 507 339 205 159 102 58 26 5 2 1 0 0 0 0 0 0 0 0 0 0 0 0 0 0 
0 0 0 0 0 0 0 0 0 0 0 0 0 0 0 0 4 17 41 85 149 197 330 463 1015 1324 492 337 206 168 87 67 22 10 1 2 0 0 0 0 0 0 0 0 0 0 0 0 0 0 
0 0 0 0 0 0 0 0 0 0 0 0 0 0 1 0 5 13 47 96 142 209 327 422 1018 1336 496 335 237 136 109 52 25 5 3 3 0 0 0 0 0 0 0 0 0 0 0 0 0 0 
0 0 0 0 0 0 0 0 0 0 0 0 0 1 1 1 5 12 45 87 168 205 319 433 1002 1311 517 339 227 152 99 54 26 9 3 1 0 0 0 0 0 0 0 0 0 0 0 0 0 0 
0 0 0 0 0 0 0 0 0 0 0 0 0 0 1 3 4 11 34 99 157 228 298 467 1006 1304 515 321 236 144 97 55 25 10 1 0 1 0 0 0 0 0 0 0 0 0 0 0 0 0 
0 0 0 0 0 0 0 0 0 0 0 0 0 1 1 4 4 19 45 90 155 209 294 448 1025 1290 522 336 213 159 109 59 23 5 5 1 0 0 0 0 0 0 0 0 0 0 0 0 0 0 
0 0 0 0 0 0 0 0 0 0 0 0 0 0 0 0 7 11 57 86 164 173 308 484 955 1330 515 342 243 139 97 68 29 8 0 0 1 0 0 0 0 0 0 0 0 0 0 0 0 0 
0 0 0 0 0 0 0 0 0 0 0 0 1 0 0 4 7 17 47 96 153 200 317 464 973 1347 481 315 229 155 112 63 24 9 1 1 1 0 0 0 0 0 0 0 0 0 0 0 0 0 
0 0 0 0 0 0 0 0 0 0 0 0 0 0 1 2 1 26 51 88 146 197 319 448 1017 1304 509 332 226 139 111 66 22 7 2 2 1 0 0 0 0 0 0 0 0 0 0 0 0 0 
0 0 0 0 0 0 0 0 0 0 0 0 0 1 0 1 3 25 55 105 131 210 305 426 1001 1345 504 309 221 172 106 58 26 8 4 1 0 0 0 0 0 0 0 0 0 0 0 0 0 0 
0 0 0 0 0 0 0 0 0 0 0 0 0 1 0 1 5 20 52 100 136 207 340 459 990 1340 470 300 223 168 110 58 25 8 2 1 0 1 0 0 0 0 0 0 0 0 0 0 0 0 
0 0 0 0 0 0 0 0 0 0 0 0 0 0 0 1 7 22 57 105 131 228 321 438 960 1357 475 312 237 166 112 52 24 9 1 0 2 0 0 0 0 0 0 0 0 0 0 0 0 0 
0 0 0 0 0 0 0 0 0 0 0 1 0 0 0 1 7 23 52 102 157 223 319 429 991 1325 466 323 221 191 96 54 24 6 5 1 0 0 0 0 0 0 0 0 0 0 0 0 0 0 
0 0 0 0 0 0 0 0 0 0 0 0 0 1 0 0 6 25 45 109 146 232 302 427 987 1307 486 335 240 182 100 55 21 8 3 0 0 0 0 0 0 0 0 0 0 0 0 0 0 0 
0 0 0 0 0 0 0 0 0 0 0 0 0 0 0 3 6 29 50 96 146 230 314 418 1001 1312 483 320 247 177 99 54 20 6 4 1 0 1 0 0 0 0 0 0 0 0 0 0 0 0 
0 0 0 0 0 0 0 0 0 0 0 0 0 0 2 1 5 24 57 97 150 229 304 451 942 1326 508 361 216 169 89 51 25 5 2 3 0 0 0 0 0 0 0 0 0 0 0 0 0 0 
0 0 0 0 0 0 0 0 0 0 0 0 0 0 1 1 6 16 64 103 143 203 340 440 966 1318 477 341 254 163 95 54 22 3 5 2 0 0 0 0 0 0 0 0 0 0 0 0 0 0 
0 0 0 0 0 0 0 0 0 0 0 0 0 0 1 1 6 25 55 87 150 226 310 447 971 1321 481 344 249 157 101 59 14 9 2 1 0 0 0 0 0 0 0 0 0 0 0 0 0 0 
0 0 0 0 0 0 0 0 0 0 0 0 0 0 0 0 3 18 53 100 152 210 308 454 999 1305 475 360 256 144 99 53 18 5 4 1 0 0 0 0 0 0 0 0 0 0 0 0 0 0 
0 0 0 0 0 0 0 0 0 0 0 0 0 0 0 2 1 19 53 99 164 218 323 439 992 1319 488 357 213 144 96 59 23 5 3 0 0 0 0 0 0 0 0 0 0 0 0 0 0 0 
0 0 0 0 0 0 0 0 0 0 0 0 0 0 0 2 7 20 51 80 170 233 299 460 985 1308 510 334 210 168 95 62 16 7 0 0 0 0 0 0 0 0 0 0 0 0 0 0 0 0 
0 0 0 0 0 0 0 0 0 0 0 0 0 0 0 1 3 25 51 89 152 230 304 468 948 1324 530 330 209 165 103 61 15 6 2 1 0 0 0 0 0 0 0 0 0 0 0 0 0 0 
0 0 0 0 0 0 0 0 0 0 0 0 0 0 0 1 6 22 50 99 141 240 339 412 1012 1303 487 330 229 151 102 63 23 6 1 0 0 0 0 0 0 0 0 0 0 0 0 0 0 0 
0 0 0 0 0 0 0 0 0 0 0 0 0 0 0 1 6 22 48 103 164 228 305 447 983 1349 474 319 224 158 92 55 31 7 1 0 0 0 0 0 0 0 0 0 0 0 0 0 0 0 
0 0 0 0 0 0 0 0 0 0 0 0 0 0 0 1 6 24 53 100 152 218 298 457 986 1336 504 299 227 167 104 55 26 4 0 0 0 0 0 0 0 0 0 0 0 0 0 0 0 0 
0 0 0 0 0 0 0 0 0 0 0 0 0 0 0 1 5 29 56 89 159 211 311 449 996 1357 452 321 229 143 113 72 15 7 1 1 0 0 0 0 0 0 0 0 0 0 0 0 0 0 
0 0 0 0 0 0 0 0 0 0 0 0 0 0 0 0 6 28 50 96 159 222 307 480 987 1318 479 303 240 142 105 67 19 7 2 0 0 0 0 0 0 0 0 0 0 0 0 0 0 0 
0 0 0 0 0 0 0 0 0 0 0 0 0 0 0 0 7 31 57 84 159 198 343 448 982 1340 470 299 250 136 127 59 20 7 0 0 0 0 0 0 0 0 0 0 0 0 0 0 0 0 
0 0 0 0 0 0 0 0 0 0 0 0 0 0 0 1 6 31 53 91 154 222 338 457 992 1323 452 285 252 156 111 62 22 8 1 0 0 0 0 0 0 0 0 0 0 0 0 0 0 0 
0 0 0 0 0 0 0 0 0 0 0 0 0 0 1 2 12 23 48 106 144 234 298 478 971 1360 443 297 249 146 112 62 21 10 0 0 0 0 0 0 0 0 0 0 0 0 0 0 0 0 
0 0 0 0 0 0 0 0 0 0 0 0 0 0 0 2 7 21 62 95 162 231 297 462 985 1377 437 301 226 158 104 60 21 7 2 0 0 0 0 0 0 0 0 0 0 0 0 0 0 0 
0 0 0 0 0 0 0 0 0 0 0 0 0 0 1 1 6 23 58 99 169 218 299 434 1008 1359 442 318 224 165 108 50 23 10 2 0 0 0 0 0 0 0 0 0 0 0 0 0 0 0 
0 0 0 0 0 0 0 0 0 0 0 0 0 0 0 0 2 28 55 106 139 248 300 417 1002 1358 451 324 232 154 116 52 21 10 2 0 0 0 0 0 0 0 0 0 0 0 0 0 0 0 
0 0 0 0 0 0 0 0 0 0 0 0 0 0 0 3 6 20 46 114 136 234 308 470 934 1357 497 304 227 161 104 61 22 11 2 0 0 0 0 0 0 0 0 0 0 0 0 0 0 0 
0 0 0 0 0 0 0 0 0 0 0 0 0 0 0 2 2 25 53 101 153 210 331 429 1018 1314 491 287 242 163 96 63 29 7 1 0 0 0 0 0 0 0 0 0 0 0 0 0 0 0 
0 0 0 0 0 0 0 0 0 0 0 0 0 0 1 1 9 18 53 95 160 231 303 458 982 1337 482 320 214 159 98 63 21 9 2 1 0 0 0 0 0 0 0 0 0 0 0 0 0 0 
0 0 0 0 0 0 0 0 0 0 0 0 0 0 2 0 3 29 50 96 140 255 303 436 1008 1336 458 305 249 162 95 60 19 9 2 0 0 0 0 0 0 0 0 0 0 0 0 0 0 0 
0 0 0 0 0 0 0 0 0 0 0 0 0 1 1 1 4 25 43 85 164 220 302 469 1005 1336 472 303 241 150 112 48 19 12 3 1 0 0 0 0 0 0 0 0 0 0 0 0 0 0 
0 0 0 0 0 0 0 0 0 0 0 0 0 0 1 0 2 22 63 80 147 245 307 451 1036 1318 446 338 194 176 100 60 23 7 1 0 0 0 0 0 0 0 0 0 0 0 0 0 0 0 
0 0 0 0 0 0 0 0 0 0 0 0 0 0 0 2 2 19 56 88 158 222 337 418 1060 1290 464 332 200 169 99 65 21 11 3 1 0 0 0 0 0 0 0 0 0 0 0 0 0 0 
0 0 0 0 0 0 0 0 0 0 0 0 0 0 0 2 4 18 54 88 161 226 322 464 972 1327 474 325 215 149 118 67 22 6 2 1 0 0 0 0 0 0 0 0 0 0 0 0 0 0 
0 0 0 0 0 0 0 0 0 0 0 0 0 0 0 0 4 23 50 92 150 223 335 466 1009 1296 481 302 234 136 116 69 20 7 3 1 0 0 0 0 0 0 0 0 0 0 0 0 0 0 
0 0 0 0 0 0 0 0 0 0 0 0 0 0 0 0 1 19 49 91 148 215 333 468 1004 1307 457 332 220 156 117 59 34 4 3 0 0 0 0 0 0 0 0 0 0 0 0 0 0 0 
0 0 0 0 0 0 0 0 0 0 0 0 0 0 0 0 5 22 38 93 161 211 328 450 1009 1285 487 351 217 152 114 65 22 4 3 0 0 0 0 0 0 0 0 0 0 0 0 0 0 0 
0 0 0 0 0 0 0 0 0 0 0 0 0 0 0 2 5 12 44 95 154 237 319 466 1009 1296 453 345 224 157 102 65 23 7 1 0 1 0 0 0 0 0 0 0 0 0 0 0 0 0 
0 0 0 0 0 0 0 0 0 0 0 0 0 0 0 0 3 15 51 87 172 200 302 443 1014 1328 483 320 223 167 118 73 10 6 1 1 0 0 0 0 0 0 0 0 0 0 0 0 0 0 
0 0 0 0 0 0 0 0 0 0 0 0 0 0 0 2 3 22 49 87 154 210 297 452 1033 1325 486 316 207 161 138 47 21 7 0 0 0 0 0 0 0 0 0 0 0 0 0 0 0 0 
0 0 0 0 0 0 0 0 0 0 0 0 0 0 1 0 5 26 46 99 139 223 303 468 1002 1349 464 322 214 161 108 55 19 10 2 1 0 0 0 0 0 0 0 0 0 0 0 0 0 0 
0 0 0 0 0 0 0 0 0 0 0 0 0 0 1 1 9 13 53 95 149 224 315 442 996 1339 488 334 217 143 114 54 21 6 3 0 0 0 0 0 0 0 0 0 0 0 0 0 0 0 
0 0 0 0 0 0 0 0 0 0 0 0 0 0 0 1 8 18 50 92 155 209 310 467 990 1313 510 333 211 155 106 54 24 10 0 1 0 0 0 0 0 0 0 0 0 0 0 0 0 0 
0 0 0 0 0 0 0 0 0 0 0 0 0 0 1 1 6 19 54 96 141 221 303 434 1035 1339 478 345 209 134 110 61 22 6 2 0 0 0 0 0 0 0 0 0 0 0 0 0 0 0 
0 0 0 0 0 0 0 0 0 0 0 0 0 0 0 2 5 20 46 98 143 233 309 445 998 1370 493 291 202 163 95 63 27 12 1 1 0 0 0 0 0 0 0 0 0 0 0 0 0 0 
0 0 0 0 0 0 0 0 0 0 0 0 0 0 0 2 4 15 49 99 157 198 331 414 1000 1403 464 317 206 159 99 55 31 12 1 1 0 0 0 0 0 0 0 0 0 0 0 0 0 0 
0 0 0 0 0 0 0 0 0 0 0 0 0 0 0 2 4 16 50 106 163 225 283 468 997 1334 512 296 206 143 105 74 26 4 3 0 0 0 0 0 0 0 0 0 0 0 0 0 0 0 
0 0 0 0 0 0 0 0 0 0 0 0 0 0 2 2 2 13 53 111 144 212 332 460 980 1352 499 298 205 143 111 65 28 3 1 1 0 0 0 0 0 0 0 0 0 0 0 0 0 0 
0 0 0 0 0 0 0 0 0 0 0 0 0 0 1 1 0 18 58 106 134 221 327 476 985 1324 473 334 207 157 100 61 28 5 0 1 0 0 0 0 0 0 0 0 0 0 0 0 0 0 
0 0 0 0 0 0 0 0 0 0 0 0 0 0 0 3 3 14 55 83 144 220 341 452 1009 1315 462 342 218 170 93 57 28 7 0 1 0 0 0 0 0 0 0 0 0 0 0 0 0 0 
0 0 0 0 0 0 0 0 0 0 0 0 0 0 0 1 4 21 60 79 156 222 328 461 996 1316 463 336 217 159 101 59 31 6 1 0 0 0 0 0 0 0 0 0 0 0 0 0 0 0 
0 0 0 0 0 0 0 0 0 0 0 0 0 0 0 1 6 19 52 97 150 215 310 480 965 1320 490 341 221 164 95 54 28 8 1 0 0 0 0 0 0 0 0 0 0 0 0 0 0 0 
0 0 0 0 0 0 0 0 0 0 0 0 0 0 0 1 5 24 55 86 170 222 320 448 1006 1316 482 305 232 137 108 61 26 10 3 0 0 0 0 0 0 0 0 0 0 0 0 0 0 0 
0 0 0 0 0 0 0 0 0 0 0 0 0 0 0 1 7 17 68 82 140 215 320 456 990 1336 473 347 206 153 108 65 22 7 4 0 0 0 0 0 0 0 0 0 0 0 0 0 0 0 
0 0 0 0 0 0 0 0 0 0 0 0 0 0 0 3 6 19 55 90 141 215 320 463 1007 1340 461 324 212 152 108 60 33 6 1 1 0 0 0 0 0 0 0 0 0 0 0 0 0 0 
0 0 0 0 0 0 0 0 0 0 0 0 0 0 1 3 5 17 46 88 157 217 321 478 966 1343 486 319 207 155 114 59 24 7 4 0 0 0 0 0 0 0 0 0 0 0 0 0 0 0 
0 0 0 0 0 0 0 0 0 0 0 0 0 0 0 3 7 21 52 93 164 216 308 433 978 1349 476 332 220 158 116 55 29 5 2 0 0 0 0 0 0 0 0 0 0 0 0 0 0 0 
0 0 0 0 0 0 0 0 0 0 0 0 0 0 0 2 2 24 47 103 150 204 325 457 1003 1324 469 318 220 155 123 57 22 8 3 1 0 0 0 0 0 0 0 0 0 0 0 0 0 0 
0 0 0 0 0 0 0 0 0 0 0 0 0 0 1 1 3 23 60 101 138 231 294 452 989 1334 474 332 222 144 115 68 22 11 2 0 0 0 0 0 0 0 0 0 0 0 0 0 0 0 
0 0 0 0 0 0 0 0 0 0 0 0 0 0 0 1 7 23 52 109 160 195 303 457 964 1339 478 338 214 157 121 64 25 7 3 0 0 0 0 0 0 0 0 0 0 0 0 0 0 0 
0 0 0 0 0 0 0 0 0 0 0 0 0 0 1 2 7 22 53 89 158 223 285 444 993 1346 474 330 222 155 116 62 25 5 5 0 0 0 0 0 0 0 0 0 0 0 0 0 0 0 
0 0 0 0 0 0 0 0 0 0 0 0 0 0 0 2 2 20 64 85 159 213 298 427 962 1385 480 334 227 153 111 64 18 6 6 1 0 0 0 0 0 0 0 0 0 0 0 0 0 0 
0 0 0 0 0 0 0 0 0 0 0 0 0 0 1 2 3 22 52 92 154 211 316 429 990 1352 489 316 240 153 108 59 15 10 0 3 0 0 0 0 0 0 0 0 0 0 0 0 0 0 
0 0 0 0 0 0 0 0 0 0 0 0 0 0 2 2 4 21 44 115 133 203 318 453 946 1378 484 321 232 177 97 48 27 8 2 1 1 0 0 0 0 0 0 0 0 0 0 0 0 0 
0 0 0 0 0 0 0 0 0 0 0 0 0 0 1 4 3 21 49 98 152 188 312 428 984 1339 506 341 207 168 120 62 21 7 4 1 1 0 0 0 0 0 0 0 0 0 0 0 0 0 
0 0 0 0 0 0 0 0 0 0 0 0 1 0 1 3 5 16 54 119 140 187 301 416 1004 1332 524 309 245 155 108 58 25 12 2 0 0 0 0 0 0 0 0 0 0 0 0 0 0 0 
0 0 0 0 0 0 0 0 0 0 0 0 0 0 0 3 2 14 61 94 164 196 297 458 959 1351 517 299 220 171 113 60 27 7 4 0 0 0 0 0 0 0 0 0 0 0 0 0 0 0 
0 0 0 0 0 0 0 0 0 0 0 0 1 1 0 0 10 18 55 92 154 192 317 444 1013 1295 518 300 251 143 112 69 20 9 3 0 0 0 0 0 0 0 0 0 0 0 0 0 0 0 
0 0 0 0 0 0 0 0 0 0 0 0 0 0 2 0 8 18 55 97 146 198 301 424 1009 1340 516 321 224 151 112 58 30 3 2 1 0 1 0 0 0 0 0 0 0 0 0 0 0 0 
0 0 0 0 0 0 0 0 0 0 0 0 1 0 0 0 7 13 53 90 146 208 268 485 986 1362 488 341 216 161 104 53 25 4 5 1 0 0 0 0 0 0 0 0 0 0 0 0 0 0 
0 0 0 0 0 0 0 0 0 0 0 0 0 0 0 2 3 16 55 110 130 201 294 457 1001 1327 507 352 229 150 96 56 22 5 3 1 0 0 0 0 0 0 0 0 0 0 0 0 0 0 
0 0 0 0 0 0 0 0 0 0 0 0 0 0 1 3 6 13 58 93 137 208 297 446 992 1350 495 345 232 152 91 66 23 6 3 0 0 0 0 0 0 0 0 0 0 0 0 0 0 0 
0 0 0 0 0 0 0 0 0 0 0 0 0 0 0 0 9 21 53 86 138 231 302 435 989 1345 486 341 220 167 104 51 29 8 2 0 0 0 0 0 0 0 0 0 0 0 0 0 0 0 
0 0 0 0 0 0 0 0 0 0 0 0 0 0 0 1 3 20 57 87 148 232 285 426 988 1325 516 347 229 167 102 46 27 6 4 1 0 0 0 0 0 0 0 0 0 0 0 0 0 0 
0 0 0 0 0 0 0 0 0 0 0 0 0 0 0 0 3 19 49 108 140 215 306 452 975 1329 483 333 240 169 103 56 20 14 3 0 0 0 0 0 0 0 0 0 0 0 0 0 0 0 
0 0 0 0 0 0 0 0 0 0 0 0 0 0 0 1 3 20 54 101 146 211 324 440 978 1301 514 313 249 158 114 57 22 6 5 0 0 0 0 0 0 0 0 0 0 0 0 0 0 0 
0 0 0 0 0 0 0 0 0 0 0 0 0 0 0 1 5 17 44 91 147 228 295 436 1001 1340 476 329 246 160 102 68 21 7 2 1 0 0 0 0 0 0 0 0 0 0 0 0 0 0 
0 0 0 0 0 0 0 0 0 0 0 0 0 0 0 2 4 20 47 98 145 238 277 471 1011 1298 482 315 236 171 105 65 18 12 1 1 0 0 0 0 0 0 0 0 0 0 0 0 0 0 
0 0 0 0 0 0 0 0 0 0 0 0 0 0 1 3 5 17 47 103 138 233 293 469 987 1330 498 292 232 166 107 60 26 8 2 0 0 0 0 0 0 0 0 0 0 0 0 0 0 0 
0 0 0 0 0 0 0 0 0 0 0 0 0 0 0 1 4 21 50 85 160 203 323 451 992 1331 502 297 228 166 115 55 22 10 1 0 0 0 0 0 0 0 0 0 0 0 0 0 0 0 
0 0 0 0 0 0 0 0 0 0 0 0 0 0 1 4 6 20 49 98 145 205 336 446 986 1322 493 302 249 165 101 54 23 10 2 0 0 0 0 0 0 0 0 0 0 0 0 0 0 0 
0 0 0 0 0 0 0 0 0 0 0 0 0 0 0 1 2 23 53 97 157 207 296 476 990 1317 510 305 217 154 122 51 29 9 1 0 0 0 0 0 0 0 0 0 0 0 0 0 0 0 
