jingle_fi.bin 
0 0 0 0 0 0 0 0 0 0 0 0 0 0 0 0 0 0 0 0 0 0 0 0 0 0 0 0 0 0 2 0 2 1 1 2 8 6 12 18 27 30 24 31 45 42 61 54 63 74 67 67 61 51 44 39 30 43 33 14 25 12 9 13 5 1 2 4 1 0 0 0 0 0 0 0 0 0 0 0 0 0 0 0 0 0 0 0 0 0 0 0 0 0 0 0 0 0 0 0 
0 0 0 0 0 0 0 0 0 0 0 0 0 0 0 0 0 0 0 0 0 0 0 0 0 0 1 0 0 0 0 0 1 3 1 4 2 8 9 16 21 28 28 40 57 47 60 55 52 69 63 57 62 66 48 47 41 29 21 17 17 16 12 14 6 3 1 0 1 1 0 0 0 0 0 0 0 0 0 0 0 0 0 0 0 0 0 0 0 0 0 0 0 0 0 0 0 0 0 0 
0 0 0 0 0 0 0 0 0 0 0 0 0 0 0 0 0 0 0 0 0 0 0 0 0 0 0 0 1 0 1 0 0 2 1 1 5 9 16 21 21 17 34 33 48 54 56 63 61 58 62 76 55 54 41 43 42 27 30 25 21 9 15 6 6 4 3 1 0 0 1 1 0 0 0 0 0 0 0 0 0 0 0 0 0 0 0 0 0 0 0 0 0 0 0 0 0 0 0 0 
0 0 0 0 0 0 0 0 0 0 0 0 0 0 0 0 0 0 0 0 0 0 0 0 0 0 0 0 0 0 0 1 1 3 2 1 6 6 19 12 21 19 38 43 42 55 44 59 60 70 60 67 56 61 47 35 45 38 27 26 10 16 12 6 8 4 1 1 1 1 0 0 0 0 0 0 0 0 0 0 0 0 0 0 0 0 0 0 0 0 0 0 0 0 0 0 0 0 0 0 
0 0 0 0 0 0 0 0 0 0 0 0 0 0 0 0 0 0 0 0 0 0 0 1 0 0 1 0 0 0 0 0 0 0 2 2 7 8 17 23 17 21 29 33 36 61 54 61 64 53 69 73 64 53 47 41 40 33 29 14 21 11 10 13 5 8 1 0 0 0 1 1 0 0 0 0 0 0 0 0 0 0 0 0 0 0 0 0 0 0 0 0 0 0 0 0 0 0 0 0 
0 0 0 0 0 0 0 0 0 0 0 0 0 0 0 0 0 0 0 0 0 0 0 0 0 0 0 0 0 0 0 0 0 0 6 5 7 7 13 16 24 23 33 40 45 40 58 60 68 62 66 53 65 55 51 46 40 29 29 24 17 11 10 11 5 1 3 0 1 0 0 0 0 0 0 0 0 0 0 0 0 0 0 0 0 0 0 0 0 0 0 0 0 0 0 0 0 0 0 0 
0 0 0 0 0 0 0 0 0 0 0 0 0 0 0 0 0 0 0 0 0 0 0 0 0 0 0 0 1 1 0 0 0 3 1 2 4 8 6 19 24 35 33 46 43 49 55 46 58 62 54 61 75 64 54 43 29 29 38 17 16 9 14 6 8 6 2 1 1 1 0 0 0 0 0 0 0 0 0 0 0 0 0 0 0 0 0 0 0 0 0 0 0 0 0 0 0 0 0 0 
0 0 0 0 0 0 0 0 0 0 0 0 0 0 0 0 0 0 0 0 0 0 0 0 0 0 0 0 0 0 0 0 1 3 2 1 7 6 10 24 19 27 29 35 38 50 56 64 67 67 56 70 53 59 59 40 39 28 25 29 10 13 14 10 4 5 2 2 0 0 0 0 0 0 0 0 0 0 0 0 0 0 0 0 0 0 0 0 0 0 0 0 0 0 0 0 0 0 0 0 
0 0 0 0 0 0 0 0 0 0 0 0 0 0 0 0 0 0 0 0 0 0 0 0 0 1 0 0 0 0 0 0 1 0 7 3 4 8 10 19 18 34 27 31 52 46 42 63 63 70 72 67 63 56 44 41 31 33 37 26 13 14 11 5 2 4 2 2 1 0 0 1 0 0 0 0 0 0 0 0 0 0 0 0 0 0 0 0 0 0 0 0 0 0 0 0 0 0 0 0 
0 0 0 0 0 0 0 0 0 0 0 0 0 0 0 0 0 0 0 0 0 0 0 0 0 0 0 0 0 0 1 0 3 1 2 4 1 10 14 13 21 29 33 49 52 47 46 49 60 60 62 59 60 72 52 35 43 31 29 22 15 16 8 9 6 5 2 2 1 0 0 0 0 0 0 0 0 0 0 0 0 0 0 0 0 0 0 0 0 0 0 0 0 0 0 0 0 0 0 0 
0 0 0 0 0 0 0 0 0 0 0 0 0 0 0 0 0 0 0 0 0 0 0 0 0 0 0 0 0 1 0 0 0 0 1 5 3 3 12 20 18 35 37 37 46 49 49 61 55 63 69 71 58 63 54 41 29 30 32 13 20 14 12 12 3 4 2 1 1 0 0 0 0 0 0 0 0 0 0 0 0 0 0 0 0 0 0 0 0 0 0 0 0 0 0 0 0 0 0 0 
0 0 0 0 0 0 0 0 0 0 0 0 0 0 0 0 0 0 0 0 0 0 0 0 0 0 0 0 1 0 0 1 1 0 5 6 6 10 14 20 23 26 28 33 42 48 50 61 68 56 77 63 61 50 46 47 30 34 33 18 15 19 7 11 2 3 3 4 0 2 0 0 0 0 0 0 0 0 0 0 0 0 0 0 0 0 0 0 0 0 0 0 0 0 0 0 0 0 0 0 
0 0 0 0 0 0 0 0 0 0 0 0 0 0 0 0 0 0 0 0 0 0 0 0 0 0 0 0 0 0 1 1 1 0 3 6 8 4 12 19 14 24 35 44 40 45 55 54 58 66 84 64 64 46 45 44 39 37 28 14 17 22 8 8 2 4 4 3 0 1 0 0 0 0 0 0 0 0 0 0 0 0 0 0 0 0 0 0 0 0 0 0 0 0 0 0 0 0 0 0 
0 0 0 0 0 0 0 0 0 0 0 0 0 0 0 0 0 0 0 0 0 0 0 0 0 0 0 0 0 0 0 0 0 1 1 3 6 7 13 23 22 32 27 43 39 56 50 52 62 76 65 73 48 42 59 35 41 31 29 20 15 23 10 7 6 1 2 1 2 1 0 0 0 0 0 0 0 0 0 0 0 0 0 0 0 0 0 0 0 0 0 0 0 0 0 0 0 0 0 0 
0 0 0 0 0 0 0 0 0 0 0 0 0 0 0 0 0 0 0 0 0 0 0 0 0 0 0 0 0 0 0 0 0 1 1 5 6 13 12 17 23 23 44 37 44 43 46 66 58 73 85 50 51 60 38 46 30 31 27 25 24 17 7 4 9 4 1 1 0 1 0 1 0 0 0 0 0 0 0 0 0 0 0 0 0 0 0 0 0 0 0 0 0 0 0 0 0 0 0 0 
0 0 0 0 0 0 0 0 0 0 0 0 0 0 0 0 0 0 0 0 0 0 0 0 0 0 0 0 0 0 0 0 2 0 4 7 3 10 7 24 25 22 22 40 48 49 51 61 56 71 72 66 64 60 50 37 41 25 24 21 14 19 7 5 9 2 2 2 1 1 0 0 0 0 0 0 0 0 0 0 0 0 0 0 0 0 0 0 0 0 0 0 0 0 0 0 0 0 0 0 
0 0 0 0 0 0 0 0 0 0 0 0 0 0 0 0 0 0 0 0 0 0 0 0 0 0 0 0 0 0 0 0 2 1 3 5 8 6 8 10 26 30 40 42 43 51 59 58 55 59 64 71 59 67 52 35 26 28 35 18 15 9 12 11 5 4 2 3 0 0 1 0 1 0 0 0 0 0 0 0 0 0 0 0 0 0 0 0 0 0 0 0 0 0 0 0 0 0 0 0 
0 0 0 0 0 0 0 0 0 0 0 0 0 0 0 0 0 0 0 0 0 0 0 0 0 0 0 0 0 0 0 0 1 0 4 3 5 9 18 14 27 36 19 34 46 62 67 49 48 69 72 50 60 61 58 34 46 26 28 15 16 19 7 5 6 5 2 1 1 1 0 0 0 0 0 0 0 0 0 0 0 0 0 0 0 0 0 0 0 0 0 0 0 0 0 0 0 0 0 0 
0 0 0 0 0 0 0 0 0 0 0 0 0 0 0 0 0 0 0 0 0 0 0 0 0 0 0 0 0 0 0 3 1 0 1 5 9 8 10 10 35 36 29 30 43 43 61 67 65 65 60 64 53 65 41 33 39 33 27 24 25 12 11 7 3 3 2 0 0 0 1 0 0 0 0 0 0 0 0 0 0 0 0 0 0 0 0 0 0 0 0 0 0 0 0 0 0 0 0 0 
0 0 0 0 0 0 0 0 0 0 0 0 0 0 0 0 0 0 0 0 0 0 0 0 0 0 0 0 0 0 0 1 0 1 3 3 4 3 13 15 26 29 45 31 52 53 59 57 59 73 69 56 53 61 52 41 26 30 17 21 21 7 14 8 9 4 1 1 2 0 1 3 0 0 0 0 0 0 0 0 0 0 0 0 0 0 0 0 0 0 0 0 0 0 0 0 0 0 0 0 
0 0 0 0 0 0 0 0 0 0 0 0 0 0 0 0 0 0 0 0 0 0 0 0 0 0 0 0 0 0 0 0 0 2 5 0 5 12 14 23 28 26 34 35 40 40 54 57 59 80 61 54 63 64 50 36 41 26 30 21 16 17 7 9 5 4 5 0 0 0 0 0 1 0 0 0 0 0 0 0 0 0 0 0 0 0 0 0 0 0 0 0 0 0 0 0 0 0 0 0 
0 0 0 0 0 0 0 0 0 0 0 0 0 0 0 0 0 0 0 0 0 0 0 0 0 0 0 0 0 0 0 2 1 6 4 4 1 11 13 12 24 30 39 43 53 49 57 58 53 53 55 71 48 55 63 46 45 24 22 29 16 11 9 5 3 2 4 2 0 1 0 0 0 0 0 0 0 0 0 0 0 0 0 0 0 0 0 0 0 0 0 0 0 0 0 0 0 0 0 0 
0 0 0 0 0 0 0 0 0 0 0 0 0 0 0 0 0 0 0 0 0 0 0 0 0 0 0 0 0 0 0 0 0 1 5 4 4 7 6 19 28 34 34 39 50 44 53 64 70 59 62 55 59 45 59 47 38 28 19 22 11 17 16 9 6 2 2 4 0 0 0 2 0 0 0 0 0 0 0 0 0 0 0 0 0 0 0 0 0 0 0 0 0 0 0 0 0 0 0 0 
0 0 0 0 0 0 0 0 0 0 0 0 0 0 0 0 0 0 0 0 0 0 0 0 0 0 0 1 0 0 0 1 0 2 4 3 11 6 13 17 22 34 34 40 36 46 63 51 56 72 58 68 64 68 48 38 41 31 18 17 13 16 9 8 5 1 4 1 3 0 0 0 0 1 0 0 0 0 0 0 0 0 0 0 0 0 0 0 0 0 0 0 0 0 0 0 0 0 0 0 
0 0 0 0 0 0 0 0 0 0 0 0 0 0 0 0 0 0 0 0 0 0 0 0 0 0 0 0 0 0 0 1 2 0 2 2 7 10 12 14 22 31 39 35 48 50 58 50 59 70 67 58 51 64 52 32 45 34 24 19 8 23 9 5 5 5 4 4 1 0 1 0 1 0 0 0 0 0 0 0 0 0 0 0 0 0 0 0 0 0 0 0 0 0 0 0 0 0 0 0 
0 0 0 0 0 0 0 0 0 0 0 0 0 0 0 0 0 0 0 0 0 0 0 0 0 0 0 0 0 0 1 2 1 3 2 4 5 8 16 17 21 25 28 35 43 51 66 58 74 54 56 71 56 57 34 43 41 30 23 26 15 6 16 14 7 3 4 7 0 1 0 0 0 0 0 0 0 0 0 0 0 0 0 0 0 0 0 0 0 0 0 0 0 0 0 0 0 0 0 0 
0 0 0 0 0 0 0 0 0 0 0 0 0 0 0 0 0 0 0 0 0 0 0 0 0 0 0 0 0 0 0 1 1 1 4 2 4 5 8 16 30 31 39 39 40 50 65 55 52 78 73 63 67 44 38 33 38 41 26 23 16 9 10 7 3 3 4 2 2 0 1 0 0 0 0 0 0 0 0 0 0 0 0 0 0 0 0 0 0 0 0 0 0 0 0 0 0 0 0 0 
0 0 0 0 0 0 0 0 0 0 0 0 0 0 0 0 0 0 0 0 0 0 0 0 0 0 0 0 0 1 0 0 2 0 4 4 7 6 12 20 22 28 27 35 36 46 68 68 62 57 74 53 64 56 61 43 26 21 28 34 16 8 10 9 4 4 4 2 1 1 0 0 0 0 0 0 0 0 0 0 0 0 0 0 0 0 0 0 0 0 0 0 0 0 0 0 0 0 0 0 
0 0 0 0 0 0 0 0 0 0 0 0 0 0 0 0 0 0 0 0 0 0 0 0 0 0 0 0 0 0 0 0 1 1 2 1 4 7 15 14 26 33 36 44 38 52 36 58 70 68 52 67 50 59 55 52 31 25 33 22 28 9 13 5 4 4 4 2 0 1 2 0 0 0 0 0 0 0 0 0 0 0 0 0 0 0 0 0 0 0 0 0 0 0 0 0 0 0 0 0 
0 0 0 0 0 0 0 0 0 0 0 0 0 0 0 0 0 0 0 0 0 0 0 0 0 0 0 0 0 0 1 0 1 1 1 4 4 4 13 20 32 26 32 27 51 41 57 64 63 71 69 71 64 45 47 38 36 20 20 29 18 22 8 6 9 2 5 0 0 1 0 1 0 0 0 0 0 0 0 0 0 0 0 0 0 0 0 0 0 0 0 0 0 0 0 0 0 0 0 0 
0 0 0 0 0 0 0 0 0 0 0 0 0 0 0 0 0 0 0 0 0 0 0 0 0 0 0 0 0 0 0 1 3 0 1 2 8 10 13 15 21 24 37 31 49 52 61 70 60 54 65 61 65 53 34 44 43 29 28 23 20 12 13 9 5 2 3 1 1 1 0 0 0 0 0 0 0 0 0 0 0 0 0 0 0 0 0 0 0 0 0 0 0 0 0 0 0 0 0 0 
0 0 0 0 0 0 0 0 0 0 0 0 0 0 0 0 0 0 0 0 0 0 0 0 0 0 0 0 0 1 0 2 1 0 3 1 4 10 11 27 21 23 42 38 44 44 50 60 57 63 60 70 56 60 49 42 33 30 27 20 27 17 9 8 8 2 3 0 0 1 0 0 0 0 0 0 0 0 0 0 0 0 0 0 0 0 0 0 0 0 0 0 0 0 0 0 0 0 0 0 
0 0 0 0 0 0 0 0 0 0 0 0 0 0 0 0 0 0 0 0 0 0 0 0 0 0 0 0 0 0 1 1 2 0 1 1 3 5 16 22 18 30 35 34 46 40 58 62 77 54 73 64 54 56 47 39 35 34 34 19 20 10 11 5 6 4 4 2 1 0 0 0 0 0 0 0 0 0 0 0 0 0 0 0 0 0 0 0 0 0 0 0 0 0 0 0 0 0 0 0 
0 0 0 0 0 0 0 0 0 0 0 0 0 0 0 0 0 0 0 0 0 0 0 0 0 0 0 0 0 1 0 0 2 2 1 2 8 7 7 16 23 33 26 41 38 61 40 68 58 82 61 62 66 48 46 41 40 21 26 18 25 22 10 8 5 4 1 1 0 1 2 0 0 0 0 0 0 0 0 0 0 0 0 0 0 0 0 0 0 0 0 0 0 0 0 0 0 0 0 0 
0 0 0 0 0 0 0 0 0 0 0 0 0 0 0 0 0 0 0 0 0 0 0 0 0 0 0 0 0 0 2 2 1 1 2 5 2 7 6 18 24 22 39 47 47 53 47 63 59 65 62 57 55 60 42 40 42 37 31 19 21 8 11 8 9 3 5 1 1 0 0 0 0 0 0 0 0 0 0 0 0 0 0 0 0 0 0 0 0 0 0 0 0 0 0 0 0 0 0 0 
0 0 0 0 0 0 0 0 0 0 0 0 0 0 0 0 0 0 0 0 0 0 0 0 0 0 0 0 0 0 0 0 1 1 3 3 10 11 12 9 20 39 28 41 39 57 55 50 67 64 57 68 60 51 47 48 40 28 26 20 17 17 12 9 6 6 1 0 0 0 1 0 0 0 0 0 0 0 0 0 0 0 0 0 0 0 0 0 0 0 0 0 0 0 0 0 0 0 0 0 
0 0 0 0 0 0 0 0 0 0 0 0 0 0 0 0 0 0 0 0 0 0 0 0 0 0 0 1 0 0 0 0 0 1 1 3 6 7 11 14 19 32 28 33 43 67 55 67 70 53 68 67 47 46 28 49 46 33 32 28 20 16 11 6 8 1 3 1 2 0 1 0 0 0 0 0 0 0 0 0 0 0 0 0 0 0 0 0 0 0 0 0 0 0 0 0 0 0 0 0 
0 0 0 0 0 0 0 0 0 0 0 0 0 0 0 0 0 0 0 0 0 0 0 0 0 0 0 0 0 0 0 0 2 3 4 2 7 4 7 21 21 30 39 32 49 43 55 57 61 61 67 62 57 53 48 45 41 37 23 26 14 8 16 8 10 5 3 2 1 0 0 0 0 0 0 0 0 0 0 0 0 0 0 0 0 0 0 0 0 0 0 0 0 0 0 0 0 0 0 0 
0 0 0 0 0 0 0 0 0 0 0 0 0 0 0 0 0 0 0 0 0 0 0 0 0 0 0 0 0 0 0 1 2 2 3 1 6 9 12 15 11 32 39 40 48 50 48 57 65 65 62 61 68 58 46 45 39 26 20 26 19 15 12 2 4 3 6 2 3 1 0 0 0 0 0 0 0 0 0 0 0 0 0 0 0 0 0 0 0 0 0 0 0 0 0 0 0 0 0 0 
0 0 0 0 0 0 0 0 0 0 0 0 0 0 0 0 0 0 0 0 0 0 0 0 0 0 0 1 0 0 0 0 0 0 2 4 5 9 13 10 27 26 30 40 37 51 57 63 63 63 66 54 54 57 58 36 49 27 25 26 22 11 16 6 6 4 3 3 0 0 0 0 0 0 0 0 0 0 0 0 0 0 0 0 0 0 0 0 0 0 0 0 0 0 0 0 0 0 0 0 
